       x [mm]         y [mm]         z [mm]  BxRe [Vs/m^2]  ByRe [Vs/m^2]  BzRe [Vs/m^2]  BxIm [Vs/m^2]  ByIm [Vs/m^2]  BzIm [Vs/m^2]
------------------------------------------------------------------------------------------------------------------------------------------
         -200           -150           -100     -0.0053061     0.00669091    -0.00509129              0              0              0
         -196           -150           -100    -0.00544258     0.00672892    -0.00513044              0              0              0
         -192           -150           -100    -0.00557907     0.00676694    -0.00516958              0              0              0
         -188           -150           -100    -0.00571555     0.00680495    -0.00520873              0              0              0
         -184           -150           -100    -0.00585203     0.00684297    -0.00524787              0              0              0
         -180           -150           -100    -0.00598852     0.00688098    -0.00528701              0              0              0
         -176           -150           -100    -0.00612047     0.00694961    -0.00536345              0              0              0
         -172           -150           -100    -0.00625123     0.00702625    -0.00544965              0              0              0
         -168           -150           -100      -0.006382     0.00710288    -0.00553585              0              0              0
         -164           -150           -100    -0.00651276     0.00717952    -0.00562205              0              0              0
         -160           -150           -100    -0.00664352     0.00725616    -0.00570825              0              0              0
         -156           -150           -100     -0.0067649     0.00733314    -0.00580357              0              0              0
         -152           -150           -100    -0.00687962     0.00741038    -0.00590534              0              0              0
         -148           -150           -100    -0.00699434     0.00748761    -0.00600711              0              0              0
         -144           -150           -100    -0.00710906     0.00756484    -0.00610889              0              0              0
         -140           -150           -100    -0.00722378     0.00764208    -0.00621066              0              0              0
         -136           -150           -100    -0.00732817     0.00771899    -0.00631793              0              0              0
         -132           -150           -100    -0.00741553     0.00779539    -0.00643426              0              0              0
         -128           -150           -100    -0.00750289     0.00787179    -0.00655058              0              0              0
         -124           -150           -100    -0.00759025     0.00794818    -0.00666691              0              0              0
         -120           -150           -100    -0.00767761     0.00802458    -0.00678324              0              0              0
         -116           -150           -100    -0.00775828     0.00810054    -0.00690166              0              0              0
         -112           -150           -100    -0.00780629     0.00817439    -0.00703031              0              0              0
         -108           -150           -100    -0.00785431     0.00824823    -0.00715897              0              0              0
         -104           -150           -100    -0.00790232     0.00832208    -0.00728762              0              0              0
         -100           -150           -100    -0.00795034     0.00839592    -0.00741627              0              0              0
          -96           -150           -100    -0.00799835     0.00846977    -0.00754493              0              0              0
          -92           -150           -100    -0.00799714     0.00853944    -0.00768179              0              0              0
          -88           -150           -100    -0.00799403     0.00860896    -0.00781898              0              0              0
          -84           -150           -100    -0.00799091     0.00867847    -0.00795616              0              0              0
          -80           -150           -100    -0.00798779     0.00874798    -0.00809335              0              0              0
          -76           -150           -100    -0.00798467     0.00881749    -0.00823054              0              0              0
          -72           -150           -100    -0.00793531     0.00888249    -0.00836994              0              0              0
          -68           -150           -100    -0.00787095     0.00894603    -0.00851006              0              0              0
          -64           -150           -100    -0.00780659     0.00900956    -0.00865018              0              0              0
          -60           -150           -100    -0.00774223      0.0090731     -0.0087903              0              0              0
          -56           -150           -100    -0.00767787     0.00913663    -0.00893042              0              0              0
          -52           -150           -100    -0.00757814     0.00919638    -0.00906845              0              0              0
          -48           -150           -100    -0.00744919     0.00925301    -0.00920474              0              0              0
          -44           -150           -100    -0.00732025     0.00930963    -0.00934103              0              0              0
          -40           -150           -100     -0.0071913     0.00936625    -0.00947732              0              0              0
          -36           -150           -100    -0.00706236     0.00942287    -0.00961361              0              0              0
          -32           -150           -100    -0.00688966     0.00947435    -0.00974295              0              0              0
          -28           -150           -100    -0.00670741      0.0095247    -0.00987076              0              0              0
          -24           -150           -100    -0.00652516     0.00957505    -0.00999857              0              0              0
          -20           -150           -100    -0.00632319     0.00962282     -0.0101211              0              0              0
          -16           -150           -100    -0.00609844      0.0096676     -0.0102374              0              0              0
          -12           -150           -100    -0.00587369     0.00971237     -0.0103538              0              0              0
           -8           -150           -100    -0.00564479     0.00975653     -0.0104685              0              0              0
           -4           -150           -100    -0.00538122      0.0097955     -0.0105699              0              0              0
            0           -150           -100    -0.00511766     0.00983448     -0.0106713              0              0              0
            4           -150           -100    -0.00485409     0.00987345     -0.0107727              0              0              0
            8           -150           -100    -0.00457496     0.00990965     -0.0108661              0              0              0
           12           -150           -100    -0.00428256     0.00994336     -0.0109521              0              0              0
           16           -150           -100    -0.00398126     0.00997526     -0.0110322              0              0              0
           20           -150           -100    -0.00367215      0.0100054     -0.0111067              0              0              0
           24           -150           -100    -0.00335527      0.0100337     -0.0111747              0              0              0
           28           -150           -100    -0.00303119        0.01006      -0.011236              0              0              0
           32           -150           -100    -0.00270115      0.0100844      -0.011291              0              0              0
           36           -150           -100    -0.00236589       0.010107     -0.0113394              0              0              0
           40           -150           -100    -0.00202603      0.0101277     -0.0113812              0              0              0
           44           -150           -100    -0.00168191      0.0101463     -0.0114153              0              0              0
           48           -150           -100    -0.00133496       0.010163     -0.0114428              0              0              0
           52           -150           -100    -0.00098582      0.0101777     -0.0114636              0              0              0
           56           -150           -100    -0.00063506      0.0101903     -0.0114768              0              0              0
           60           -150           -100   -0.000283661      0.0102009     -0.0114827              0              0              0
           64           -150           -100    6.75644e-05      0.0102094     -0.0114818              0              0              0
           68           -150           -100    0.000417877      0.0102158      -0.011474              0              0              0
           72           -150           -100    0.000766549      0.0102202     -0.0114593              0              0              0
           76           -150           -100     0.00111281      0.0102225     -0.0114378              0              0              0
           80           -150           -100     0.00145557      0.0102224     -0.0114089              0              0              0
           84           -150           -100     0.00179441      0.0102202     -0.0113734              0              0              0
           88           -150           -100     0.00212866      0.0102158     -0.0113316              0              0              0
           92           -150           -100     0.00245781      0.0102092     -0.0112836              0              0              0
           96           -150           -100      0.0027812      0.0102005     -0.0112295              0              0              0
          100           -150           -100     0.00309723      0.0101892     -0.0111687              0              0              0
          104           -150           -100     0.00340636      0.0101758     -0.0111023              0              0              0
          108           -150           -100     0.00370814      0.0101601     -0.0110306              0              0              0
          112           -150           -100     0.00400171      0.0101421     -0.0109535              0              0              0
          116           -150           -100     0.00428592      0.0101215     -0.0108708              0              0              0
          120           -150           -100     0.00456156      0.0100988     -0.0107835              0              0              0
          124           -150           -100     0.00482822      0.0100738     -0.0106918              0              0              0
          128           -150           -100     0.00508396      0.0100462     -0.0105952              0              0              0
          132           -150           -100     0.00532993      0.0100163     -0.0104947              0              0              0
          136           -150           -100     0.00556605     0.00998419     -0.0103905              0              0              0
          140           -150           -100     0.00579121     0.00994963     -0.0102827              0              0              0
          144           -150           -100     0.00600538     0.00991268     -0.0101714              0              0              0
          148           -150           -100     0.00620946     0.00987357     -0.0100573              0              0              0
          152           -150           -100     0.00640188     0.00983201    -0.00994027              0              0              0
          156           -150           -100     0.00658327     0.00978816    -0.00982074              0              0              0
          160           -150           -100     0.00675325     0.00974197     -0.0096989              0              0              0
          164           -150           -100     0.00691258     0.00969362    -0.00957515              0              0              0
          168           -150           -100     0.00706139     0.00964317    -0.00944974              0              0              0
          172           -150           -100     0.00719877     0.00959046    -0.00932275              0              0              0
          176           -150           -100     0.00732496     0.00953554    -0.00919445              0              0              0
          180           -150           -100     0.00744072      0.0094786    -0.00906516              0              0              0
          184           -150           -100     0.00754649     0.00941973    -0.00893507              0              0              0
          188           -150           -100     0.00764202     0.00935889    -0.00880436              0              0              0
          192           -150           -100     0.00772646     0.00929596     -0.0086732              0              0              0
          196           -150           -100     0.00780162     0.00923129    -0.00854184              0              0              0
          200           -150           -100      0.0078672     0.00916484    -0.00841042              0              0              0
          204           -150           -100     0.00792342     0.00909668    -0.00827912              0              0              0
          208           -150           -100     0.00796976     0.00902672    -0.00814813              0              0              0
          212           -150           -100     0.00800752     0.00895523    -0.00801758              0              0              0
          216           -150           -100     0.00803693     0.00888227    -0.00788757              0              0              0
          220           -150           -100     0.00805828      0.0088079    -0.00775825              0              0              0
          224           -150           -100     0.00807148     0.00873215    -0.00762977              0              0              0
          228           -150           -100     0.00807646     0.00865504    -0.00750229              0              0              0
          232           -150           -100     0.00807427     0.00857676    -0.00737583              0              0              0
          236           -150           -100     0.00806518     0.00849739    -0.00725048              0              0              0
          240           -150           -100     0.00804948     0.00841701    -0.00712632              0              0              0
          244           -150           -100     0.00802697     0.00833563    -0.00700353              0              0              0
          248           -150           -100     0.00799803     0.00825334    -0.00688217              0              0              0
          252           -150           -100     0.00796336     0.00817028    -0.00676223              0              0              0
          256           -150           -100     0.00792324     0.00808653    -0.00664375              0              0              0
          260           -150           -100     0.00787784     0.00800215    -0.00652681              0              0              0
          264           -150           -100     0.00782732     0.00791721    -0.00641149              0              0              0
          268           -150           -100     0.00777177     0.00783178    -0.00629791              0              0              0
          272           -150           -100     0.00771172     0.00774596    -0.00618602              0              0              0
          276           -150           -100      0.0076476     0.00765985    -0.00607578              0              0              0
          280           -150           -100     0.00757965      0.0075735    -0.00596721              0              0              0
          284           -150           -100     0.00750749     0.00748698    -0.00586061              0              0              0
          288           -150           -100     0.00743202     0.00740037    -0.00575572              0              0              0
          292           -150           -100     0.00735079     0.00731386    -0.00565405              0              0              0
          296           -150           -100     0.00726761     0.00722741    -0.00555347              0              0              0
          300           -150           -100     0.00718444     0.00714096     -0.0054529              0              0              0
          304           -150           -100     0.00709679     0.00705488    -0.00535555              0              0              0
          308           -150           -100     0.00700563     0.00696911    -0.00526073              0              0              0
          312           -150           -100     0.00691448     0.00688333    -0.00516591              0              0              0
          316           -150           -100     0.00682066     0.00679811    -0.00507358              0              0              0
          320           -150           -100     0.00672335      0.0067136    -0.00498452              0              0              0
          324           -150           -100     0.00662604      0.0066291    -0.00489546              0              0              0
          328           -150           -100     0.00652736     0.00654515    -0.00480813              0              0              0
          332           -150           -100     0.00642551     0.00646244    -0.00472478              0              0              0
          336           -150           -100     0.00632366     0.00637974    -0.00464143              0              0              0
          340           -150           -100     0.00622132     0.00629739    -0.00455897              0              0              0
          344           -150           -100     0.00611666     0.00621667    -0.00448067              0              0              0
          348           -150           -100     0.00601199     0.00613596    -0.00440237              0              0              0
          352           -150           -100     0.00590593     0.00605692     -0.0043276              0              0              0
          356           -150           -100     0.00579924     0.00597865    -0.00425443              0              0              0
          360           -150           -100     0.00569256     0.00590038    -0.00418126              0              0              0
          364           -150           -100     0.00558548     0.00582319    -0.00411009              0              0              0
          368           -150           -100     0.00547769     0.00574804    -0.00404265              0              0              0
          372           -150           -100     0.00536989     0.00567289    -0.00397522              0              0              0
          376           -150           -100      0.0052621     0.00559778    -0.00390784              0              0              0
          380           -150           -100     0.00515422     0.00552605    -0.00384596              0              0              0
          384           -150           -100     0.00504634     0.00545432    -0.00378409              0              0              0
          388           -150           -100     0.00493845     0.00538258    -0.00372221              0              0              0
          392           -150           -100      0.0048312      0.0053138    -0.00366463              0              0              0
          396           -150           -100     0.00472425     0.00524647    -0.00360914              0              0              0
          400           -150           -100      0.0046173     0.00517914    -0.00355366              0              0              0
         -200           -146           -100    -0.00522993      0.0070582    -0.00502074              0              0              0
         -196           -146           -100    -0.00536596     0.00709885    -0.00505949              0              0              0
         -192           -146           -100    -0.00550199     0.00713949    -0.00509825              0              0              0
         -188           -146           -100    -0.00563802     0.00718014    -0.00513701              0              0              0
         -184           -146           -100    -0.00577405     0.00722079    -0.00517576              0              0              0
         -180           -146           -100    -0.00591008     0.00726143    -0.00521452              0              0              0
         -176           -146           -100    -0.00604169     0.00733511    -0.00529027              0              0              0
         -172           -146           -100    -0.00617215     0.00741743     -0.0053757              0              0              0
         -168           -146           -100     -0.0063026     0.00749975    -0.00546114              0              0              0
         -164           -146           -100    -0.00643305     0.00758208    -0.00554657              0              0              0

#
# FILE TRUNCATED
#
# Included in repository to show CST's ASCII output format.
# Original file size = 222 MB
#
