       x [mm]         y [mm]         z [mm]  BxRe [Vs/m^2]  ByRe [Vs/m^2]  BzRe [Vs/m^2]  BxIm [Vs/m^2]  ByIm [Vs/m^2]  BzIm [Vs/m^2]
------------------------------------------------------------------------------------------------------------------------------------------
         -200           -150           -100    -0.00912912       0.012732    -0.00901799              0              0              0
         -195           -150           -100    -0.00961353      0.0128252    -0.00912771              0              0              0
         -190           -150           -100     -0.0100979      0.0129185    -0.00923742              0              0              0
         -185           -150           -100     -0.0105824      0.0130117    -0.00934713              0              0              0
         -180           -150           -100     -0.0110668      0.0131049    -0.00945685              0              0              0
         -175           -150           -100     -0.0115512      0.0131981    -0.00956656              0              0              0
         -170           -150           -100     -0.0120292      0.0133797    -0.00980714              0              0              0
         -165           -150           -100     -0.0125062      0.0135762     -0.0100696              0              0              0
         -160           -150           -100     -0.0129832      0.0137726     -0.0103321              0              0              0
         -155           -150           -100     -0.0134602       0.013969     -0.0105945              0              0              0
         -150           -150           -100     -0.0139372      0.0141655      -0.010857              0              0              0
         -145           -150           -100     -0.0143819      0.0143747     -0.0111842              0              0              0
         -140           -150           -100     -0.0148136      0.0145892     -0.0115375              0              0              0
         -135           -150           -100     -0.0152453      0.0148036     -0.0118908              0              0              0
         -130           -150           -100      -0.015677      0.0150181      -0.012244              0              0              0
         -125           -150           -100     -0.0161087      0.0152325     -0.0125973              0              0              0
         -120           -150           -100     -0.0164833      0.0154544     -0.0130063              0              0              0
         -115           -150           -100      -0.016815      0.0156818     -0.0134572              0              0              0
         -110           -150           -100     -0.0171467      0.0159092     -0.0139081              0              0              0
         -105           -150           -100     -0.0174784      0.0161366     -0.0143591              0              0              0
         -100           -150           -100       -0.01781       0.016364       -0.01481              0              0              0
          -95           -150           -100      -0.018067      0.0165938     -0.0153009              0              0              0
          -90           -150           -100     -0.0182237      0.0168269     -0.0158454              0              0              0
          -85           -150           -100     -0.0183804      0.0170599     -0.0163899              0              0              0
          -80           -150           -100     -0.0185371      0.0172929     -0.0169345              0              0              0
          -75           -150           -100     -0.0186938       0.017526      -0.017479              0              0              0
          -70           -150           -100     -0.0187794      0.0177578     -0.0180416              0              0              0
          -65           -150           -100     -0.0186855      0.0179868     -0.0186499              0              0              0
          -60           -150           -100     -0.0185915      0.0182157     -0.0192581              0              0              0
          -55           -150           -100     -0.0184976      0.0184447     -0.0198664              0              0              0
          -50           -150           -100     -0.0184036      0.0186736     -0.0204746              0              0              0
          -45           -150           -100     -0.0181309      0.0188936     -0.0210912              0              0              0
          -40           -150           -100     -0.0177715      0.0191091     -0.0217119              0              0              0
          -35           -150           -100     -0.0174121      0.0193247     -0.0223325              0              0              0
          -30           -150           -100     -0.0170242      0.0195377     -0.0229484              0              0              0
          -25           -150           -100     -0.0164187      0.0197308     -0.0235285              0              0              0
          -20           -150           -100     -0.0158132      0.0199238     -0.0241085              0              0              0
          -15           -150           -100     -0.0152078      0.0201169     -0.0246886              0              0              0
          -10           -150           -100     -0.0144747      0.0202915     -0.0252179              0              0              0
           -5           -150           -100     -0.0136406      0.0204515     -0.0257071              0              0              0
            0           -150           -100     -0.0128064      0.0206115     -0.0261963              0              0              0
            5           -150           -100     -0.0119722      0.0207715     -0.0266855              0              0              0
           10           -150           -100     -0.0110235      0.0209056     -0.0270955              0              0              0
           15           -150           -100     -0.0100312      0.0210272     -0.0274657              0              0              0
           20           -150           -100    -0.00900097       0.021136     -0.0277938              0              0              0
           25           -150           -100    -0.00793839      0.0212314     -0.0280781              0              0              0
           30           -150           -100     -0.0068494      0.0213131     -0.0283174              0              0              0
           35           -150           -100    -0.00574041      0.0213814     -0.0285118              0              0              0
           40           -150           -100    -0.00461688      0.0214358     -0.0286601              0              0              0
           45           -150           -100    -0.00348445      0.0214744     -0.0287561              0              0              0
           50           -150           -100    -0.00235029      0.0214999     -0.0288079              0              0              0
           55           -150           -100       -0.00122      0.0215117     -0.0288144              0              0              0
           60           -150           -100    -9.9626e-05      0.0215091     -0.0287732              0              0              0
           65           -150           -100     0.00100574      0.0214936     -0.0286892              0              0              0
           70           -150           -100     0.00209119      0.0214656     -0.0285638              0              0              0
           75           -150           -100     0.00315214      0.0214255     -0.0283989              0              0              0
           80           -150           -100     0.00418462       0.021374     -0.0281967              0              0              0
           85           -150           -100      0.0051798      0.0213101     -0.0279548              0              0              0
           90           -150           -100     0.00613919      0.0212362     -0.0276812              0              0              0
           95           -150           -100     0.00706006      0.0211529     -0.0273783              0              0              0
          100           -150           -100     0.00793868      0.0210605     -0.0270478              0              0              0
          105           -150           -100     0.00876846      0.0209589     -0.0266901              0              0              0
          110           -150           -100      0.0095537      0.0208497     -0.0263114              0              0              0
          115           -150           -100      0.0102945      0.0207336     -0.0259144              0              0              0
          120           -150           -100      0.0109836      0.0206102     -0.0254996              0              0              0
          125           -150           -100      0.0116269       0.020481     -0.0250716              0              0              0
          130           -150           -100      0.0122185      0.0203455     -0.0246313              0              0              0
          135           -150           -100      0.0127648       0.020205     -0.0241825              0              0              0
          140           -150           -100      0.0132643      0.0200595     -0.0237268              0              0              0
          145           -150           -100      0.0137195      0.0199095     -0.0232665              0              0              0
          150           -150           -100      0.0141306      0.0197551     -0.0228031              0              0              0
          155           -150           -100      0.0144981      0.0195967     -0.0223383              0              0              0
          160           -150           -100      0.0148226      0.0194342     -0.0218738              0              0              0
          165           -150           -100      0.0151079      0.0192681     -0.0214108              0              0              0
          170           -150           -100      0.0153558      0.0190987     -0.0209506              0              0              0
          175           -150           -100      0.0155682      0.0189259     -0.0204941              0              0              0
          180           -150           -100      0.0157467      0.0187502     -0.0200422              0              0              0
          185           -150           -100      0.0158933      0.0185715     -0.0195956              0              0              0
          190           -150           -100      0.0160096        0.01839      -0.019155              0              0              0
          195           -150           -100      0.0160975      0.0182058     -0.0187208              0              0              0
          200           -150           -100      0.0161587      0.0180191     -0.0182936              0              0              0
          205           -150           -100      0.0161949      0.0178301     -0.0178736              0              0              0
          210           -150           -100      0.0162076      0.0176388     -0.0174611              0              0              0
          215           -150           -100       0.016197      0.0174453      -0.017057              0              0              0
          220           -150           -100      0.0161662      0.0172498     -0.0166608              0              0              0
          225           -150           -100      0.0161167      0.0170525     -0.0162726              0              0              0
          230           -150           -100      0.0160498      0.0168535     -0.0158924              0              0              0
          235           -150           -100      0.0159669      0.0166531     -0.0155204              0              0              0
          240           -150           -100      0.0158691      0.0164512     -0.0151564              0              0              0
          245           -150           -100      0.0157575      0.0162482     -0.0148004              0              0              0
          250           -150           -100      0.0156333      0.0160441     -0.0144526              0              0              0
          255           -150           -100      0.0154973      0.0158391     -0.0141127              0              0              0
          260           -150           -100      0.0153508      0.0156333     -0.0137807              0              0              0
          265           -150           -100      0.0151947       0.015427     -0.0134562              0              0              0
          270           -150           -100      0.0150297      0.0152203     -0.0131395              0              0              0
          275           -150           -100      0.0148569      0.0150133     -0.0128301              0              0              0
          280           -150           -100      0.0146765      0.0148062     -0.0125285              0              0              0
          285           -150           -100      0.0144892      0.0145991     -0.0122344              0              0              0
          290           -150           -100      0.0142963      0.0143923     -0.0119473              0              0              0
          295           -150           -100      0.0140981      0.0141858      -0.011667              0              0              0
          300           -150           -100      0.0138954      0.0139799     -0.0113935              0              0              0
          305           -150           -100      0.0136885      0.0137746     -0.0111267              0              0              0
          310           -150           -100      0.0134776      0.0135702     -0.0108671              0              0              0
          315           -150           -100      0.0132636      0.0133668     -0.0106139              0              0              0
          320           -150           -100       0.013047      0.0131643     -0.0103666              0              0              0
          325           -150           -100       0.012828      0.0129632     -0.0101257              0              0              0
          330           -150           -100      0.0126068      0.0127635    -0.00989151              0              0              0
          335           -150           -100      0.0123841      0.0125652    -0.00966286              0              0              0
          340           -150           -100      0.0121601      0.0123684    -0.00943951              0              0              0
          345           -150           -100       0.011935      0.0121735    -0.00922288              0              0              0
          350           -150           -100      0.0117091      0.0119803    -0.00901129              0              0              0
          355           -150           -100      0.0114826      0.0117892    -0.00880561              0              0              0
          360           -150           -100      0.0112559      0.0116002    -0.00860546              0              0              0
          365           -150           -100      0.0110291      0.0114143    -0.00841296              0              0              0
          370           -150           -100      0.0108023      0.0112303    -0.00822458              0              0              0
          375           -150           -100      0.0105755      0.0110463     -0.0080362              0              0              0
          380           -150           -100      0.0103498       0.010868    -0.00785985              0              0              0
          385           -150           -100      0.0101243      0.0106903    -0.00768474              0              0              0
          390           -150           -100      0.0098994      0.0105145    -0.00751309              0              0              0
          395           -150           -100     0.00967612      0.0103437    -0.00735065              0              0              0
          400           -150           -100     0.00945284      0.0101729    -0.00718821              0              0              0
          405           -150           -100     0.00923128      0.0100062    -0.00703268              0              0              0
          410           -150           -100     0.00901071     0.00984184    -0.00688104              0              0              0
          415           -150           -100     0.00879176     0.00968093    -0.00673476              0              0              0
          420           -150           -100     0.00857394     0.00952243    -0.00659221              0              0              0
          425           -150           -100     0.00835839     0.00936838      -0.006456              0              0              0
          430           -150           -100     0.00814476     0.00921814    -0.00632521              0              0              0
          435           -150           -100     0.00793114     0.00906791    -0.00619443              0              0              0
          440           -150           -100     0.00771771     0.00891802     -0.0060641              0              0              0
          445           -150           -100     0.00751013     0.00877848    -0.00594751              0              0              0
          450           -150           -100     0.00730254     0.00863895    -0.00583092              0              0              0
          455           -150           -100     0.00709496     0.00849941    -0.00571433              0              0              0
          460           -150           -100     0.00689085      0.0083656    -0.00560482              0              0              0
          465           -150           -100     0.00668985     0.00823695    -0.00550167              0              0              0
          470           -150           -100     0.00648886     0.00810829    -0.00539853              0              0              0
          475           -150           -100     0.00628803     0.00797989    -0.00529567              0              0              0
          480           -150           -100     0.00609498     0.00786363    -0.00520691              0              0              0
          485           -150           -100     0.00590193     0.00774736    -0.00511814              0              0              0
          490           -150           -100     0.00570887     0.00763109    -0.00502937              0              0              0
          495           -150           -100     0.00551582     0.00751483    -0.00494061              0              0              0
          500           -150           -100     0.00532847     0.00743379    -0.00487947              0              0              0
         -200           -145           -100    -0.00895892      0.0135208    -0.00885867              0              0              0
         -195           -145           -100    -0.00943862      0.0136222     -0.0089671              0              0              0
         -190           -145           -100    -0.00991832      0.0137236    -0.00907553              0              0              0
         -185           -145           -100      -0.010398      0.0138251    -0.00918396              0              0              0
         -180           -145           -100     -0.0108777      0.0139265    -0.00929239              0              0              0
         -175           -145           -100     -0.0113574      0.0140279    -0.00940082              0              0              0
         -170           -145           -100     -0.0118311      0.0142269    -0.00963881              0              0              0
         -165           -145           -100     -0.0123037      0.0144422    -0.00989845              0              0              0
         -160           -145           -100     -0.0127763      0.0146575     -0.0101581              0              0              0
         -155           -145           -100     -0.0132489      0.0148728     -0.0104177              0              0              0
         -150           -145           -100     -0.0137216      0.0150881     -0.0106774              0              0              0

#
# FILE TRUNCATED
#
# Included in repository to show CST's ASCII output format.
# Original file size = 168 MB
#
