       x [mm]         y [mm]         z [mm]  BxRe [Vs/m^2]  ByRe [Vs/m^2]  BzRe [Vs/m^2]  BxIm [Vs/m^2]  ByIm [Vs/m^2]  BzIm [Vs/m^2]
------------------------------------------------------------------------------------------------------------------------------------------
          -50           -150           -100    -0.00481937      0.0563846              0              0              0              0
          -48           -150           -100    -0.00479736      0.0563669              0              0              0              0
          -46           -150           -100    -0.00477535      0.0563491              0              0              0              0
          -44           -150           -100    -0.00475334      0.0563314              0              0              0              0
          -42           -150           -100    -0.00473132      0.0563137              0              0              0              0
          -40           -150           -100    -0.00459977      0.0562876              0              0              0              0
          -38           -150           -100     -0.0044368      0.0562592              0              0              0              0
          -36           -150           -100    -0.00427384      0.0562307              0              0              0              0
          -34           -150           -100    -0.00411087      0.0562023              0              0              0              0
          -32           -150           -100     -0.0039479      0.0561739              0              0              0              0
          -30           -150           -100    -0.00378494      0.0561454              0              0              0              0
          -28           -150           -100    -0.00362197       0.056117              0              0              0              0
          -26           -150           -100    -0.00345901      0.0560885              0              0              0              0
          -24           -150           -100    -0.00329604      0.0560601              0              0              0              0
          -22           -150           -100    -0.00313307      0.0560317              0              0              0              0
          -20           -150           -100    -0.00293775          0.056              0              0              0              0
          -18           -150           -100    -0.00268898       0.055963              0              0              0              0
          -16           -150           -100    -0.00244021       0.055926              0              0              0              0
          -14           -150           -100    -0.00218493      0.0558883              0              0              0              0
          -12           -150           -100    -0.00189955      0.0558468              0              0              0              0
          -10           -150           -100    -0.00161417      0.0558053              0              0              0              0
           -8           -150           -100     -0.0013247      0.0557632              0              0              0              0
           -6           -150           -100    -0.00100902      0.0557175              0              0              0              0
           -4           -150           -100   -0.000693332      0.0556717              0              0              0              0
           -2           -150           -100   -0.000365918       0.055624              0              0              0              0
            0           -150           -100   -2.49175e-05      0.0555742              0              0              0              0
            2           -150           -100    0.000316083      0.0555243              0              0              0              0
            4           -150           -100    0.000674484      0.0554712              0              0              0              0
            6           -150           -100     0.00103747      0.0554172              0              0              0              0
            8           -150           -100     0.00140266      0.0553627              0              0              0              0
           10           -150           -100     0.00178406      0.0553045              0              0              0              0
           12           -150           -100     0.00216546      0.0552464              0              0              0              0
           14           -150           -100     0.00255346      0.0551864              0              0              0              0
           16           -150           -100     0.00294958      0.0551242              0              0              0              0
           18           -150           -100      0.0033457       0.055062              0              0              0              0
           20           -150           -100     0.00375029      0.0549967              0              0              0              0
           22           -150           -100     0.00415732      0.0549305              0              0              0              0
           24           -150           -100     0.00456498      0.0548639              0              0              0              0
           26           -150           -100     0.00497813      0.0547944              0              0              0              0
           28           -150           -100     0.00539187      0.0547244              0              0              0              0
           30           -150           -100     0.00580816      0.0546522              0              0              0              0
           32           -150           -100     0.00622485      0.0545792              0              0              0              0
           34           -150           -100     0.00664258      0.0545041              0              0              0              0
           36           -150           -100     0.00706031      0.0544289              0              0              0              0
           38           -150           -100     0.00747685      0.0543515              0              0              0              0
           40           -150           -100     0.00789296      0.0542732              0              0              0              0
           42           -150           -100     0.00830811      0.0541942              0              0              0              0
           44           -150           -100      0.0087195       0.054113              0              0              0              0
           46           -150           -100      0.0091309      0.0540317              0              0              0              0
           48           -150           -100     0.00953716      0.0539487              0              0              0              0
           50           -150           -100     0.00994089      0.0538647              0              0              0              0
           52           -150           -100      0.0103432      0.0537804              0              0              0              0
           54           -150           -100      0.0107367       0.053694              0              0              0              0
           56           -150           -100      0.0111301      0.0536076              0              0              0              0
           58           -150           -100      0.0115155      0.0535198              0              0              0              0
           60           -150           -100      0.0118964      0.0534313              0              0              0              0
           62           -150           -100      0.0122749      0.0533424              0              0              0              0
           64           -150           -100      0.0126391      0.0532518              0              0              0              0
           66           -150           -100      0.0130032      0.0531611              0              0              0              0
           68           -150           -100      0.0133673      0.0530704              0              0              0              0
           70           -150           -100      0.0137106      0.0529777              0              0              0              0
           72           -150           -100      0.0140532       0.052885              0              0              0              0
           74           -150           -100      0.0143958      0.0527923              0              0              0              0
           76           -150           -100      0.0147194      0.0526982              0              0              0              0
           78           -150           -100      0.0150382      0.0526037              0              0              0              0
           80           -150           -100       0.015357      0.0525093              0              0              0              0
           82           -150           -100      0.0156597       0.052414              0              0              0              0
           84           -150           -100       0.015953      0.0523182              0              0              0              0
           86           -150           -100      0.0162463      0.0522223              0              0              0              0
           88           -150           -100      0.0165273      0.0521259              0              0              0              0
           90           -150           -100       0.016794      0.0520289              0              0              0              0
           92           -150           -100      0.0170607      0.0519319              0              0              0              0
           94           -150           -100      0.0173194      0.0518346              0              0              0              0
           96           -150           -100       0.017559      0.0517366              0              0              0              0
           98           -150           -100      0.0177985      0.0516386              0              0              0              0
          100           -150           -100      0.0180345      0.0515405              0              0              0              0
          102           -150           -100      0.0182467      0.0514417              0              0              0              0
          104           -150           -100      0.0184589      0.0513428              0              0              0              0
          106           -150           -100      0.0186711       0.051244              0              0              0              0
          108           -150           -100      0.0188573      0.0511444              0              0              0              0
          110           -150           -100      0.0190424      0.0510448              0              0              0              0
          112           -150           -100      0.0192274      0.0509452              0              0              0              0
          114           -150           -100      0.0193915      0.0508451              0              0              0              0
          116           -150           -100      0.0195499      0.0507448              0              0              0              0
          118           -150           -100      0.0197084      0.0506445              0              0              0              0
          120           -150           -100      0.0198508      0.0505438              0              0              0              0
          122           -150           -100      0.0199836      0.0504428              0              0              0              0
          124           -150           -100      0.0201163      0.0503419              0              0              0              0
          126           -150           -100      0.0202377      0.0502406              0              0              0              0
          128           -150           -100      0.0203456       0.050139              0              0              0              0
          130           -150           -100      0.0204535      0.0500374              0              0              0              0
          132           -150           -100      0.0205545      0.0499356              0              0              0              0
          134           -150           -100      0.0206387      0.0498333              0              0              0              0
          136           -150           -100      0.0207229       0.049731              0              0              0              0
          138           -150           -100      0.0208045      0.0496286              0              0              0              0
          140           -150           -100      0.0208662      0.0495257              0              0              0              0
          142           -150           -100      0.0209279      0.0494227              0              0              0              0
          144           -150           -100      0.0209897      0.0493198              0              0              0              0
          146           -150           -100      0.0210312      0.0492162              0              0              0              0
          148           -150           -100      0.0210717      0.0491126              0              0              0              0
          150           -150           -100      0.0211123       0.049009              0              0              0              0
          152           -150           -100      0.0211372      0.0489049              0              0              0              0
          154           -150           -100      0.0211578      0.0488006              0              0              0              0
          156           -150           -100      0.0211785      0.0486963              0              0              0              0
          158           -150           -100      0.0211876      0.0485917              0              0              0              0
          160           -150           -100      0.0211896      0.0484868              0              0              0              0
          162           -150           -100      0.0211917      0.0483819              0              0              0              0
          164           -150           -100      0.0211859      0.0482767              0              0              0              0
          166           -150           -100      0.0211706      0.0481712              0              0              0              0
          168           -150           -100      0.0211553      0.0480657              0              0              0              0
          170           -150           -100      0.0211355        0.04796              0              0              0              0
          172           -150           -100      0.0211041       0.047854              0              0              0              0
          174           -150           -100      0.0210727      0.0477479              0              0              0              0
          176           -150           -100      0.0210396      0.0476418              0              0              0              0
          178           -150           -100      0.0209933      0.0475353              0              0              0              0
          180           -150           -100      0.0209471      0.0474287              0              0              0              0
          182           -150           -100      0.0209008      0.0473222              0              0              0              0
          184           -150           -100      0.0208415      0.0472152              0              0              0              0
          186           -150           -100      0.0207815      0.0471083              0              0              0              0
          188           -150           -100      0.0207215      0.0470013              0              0              0              0
          190           -150           -100      0.0206517      0.0468942              0              0              0              0
          192           -150           -100       0.020579      0.0467869              0              0              0              0
          194           -150           -100      0.0205063      0.0466797              0              0              0              0
          196           -150           -100      0.0204266      0.0465723              0              0              0              0
          198           -150           -100      0.0203423      0.0464649              0              0              0              0
          200           -150           -100       0.020258      0.0463575              0              0              0              0
          202           -150           -100       0.020169        0.04625              0              0              0              0
          204           -150           -100      0.0200741      0.0461425              0              0              0              0
          206           -150           -100      0.0199791      0.0460351              0              0              0              0
          208           -150           -100      0.0198815      0.0459276              0              0              0              0
          210           -150           -100      0.0197768      0.0458202              0              0              0              0
          212           -150           -100      0.0196721      0.0457128              0              0              0              0
          214           -150           -100      0.0195664      0.0456055              0              0              0              0
          216           -150           -100      0.0194528      0.0454983              0              0              0              0
          218           -150           -100      0.0193392      0.0453912              0              0              0              0
          220           -150           -100      0.0192255      0.0452841              0              0              0              0
          222           -150           -100      0.0191043      0.0451773              0              0              0              0
          224           -150           -100      0.0189825      0.0450706              0              0              0              0
          226           -150           -100      0.0188607      0.0449639              0              0              0              0
          228           -150           -100      0.0187343      0.0448576              0              0              0              0
          230           -150           -100      0.0186066      0.0447513              0              0              0              0
          232           -150           -100      0.0184752      0.0446454              0              0              0              0
          234           -150           -100      0.0183432      0.0445396              0              0              0              0
          236           -150           -100      0.0182067      0.0444343              0              0              0              0
          238           -150           -100      0.0180699      0.0443291              0              0              0              0
          240           -150           -100      0.0179319       0.044224              0              0              0              0
          242           -150           -100      0.0177898      0.0441197              0              0              0              0
          244           -150           -100      0.0176477      0.0440153              0              0              0              0
          246           -150           -100      0.0175032      0.0439114              0              0              0              0
          248           -150           -100      0.0173563       0.043808              0              0              0              0
          250           -150           -100      0.0172094      0.0437046              0              0              0              0
          252           -150           -100       0.017059      0.0436021              0              0              0              0
          254           -150           -100      0.0169077      0.0434998              0              0              0              0
          256           -150           -100       0.016756      0.0433976              0              0              0              0
          258           -150           -100      0.0166006      0.0432966              0              0              0              0
          260           -150           -100      0.0164451      0.0431955              0              0              0              0
          262           -150           -100      0.0162884       0.043095              0              0              0              0
          264           -150           -100      0.0161292      0.0429954              0              0              0              0
          266           -150           -100      0.0159699      0.0428958              0              0              0              0
          268           -150           -100      0.0158086      0.0427971              0              0              0              0
          270           -150           -100      0.0156461       0.042699              0              0              0              0
          272           -150           -100      0.0154832       0.042601              0              0              0              0
          274           -150           -100      0.0153177      0.0425044              0              0              0              0
          276           -150           -100      0.0151523      0.0424079              0              0              0              0
          278           -150           -100      0.0149825      0.0423142              0              0              0              0
          280           -150           -100      0.0148102      0.0422222              0              0              0              0
          282           -150           -100       0.014638      0.0421302              0              0              0              0
          284           -150           -100      0.0144657      0.0420382              0              0              0              0
          286           -150           -100      0.0142935      0.0419461              0              0              0              0
          288           -150           -100      0.0141212      0.0418541              0              0              0              0
          290           -150           -100       0.013949      0.0417621              0              0              0              0
          292           -150           -100      0.0137767      0.0416701              0              0              0              0
          294           -150           -100      0.0136045      0.0415781              0              0              0              0
          296           -150           -100      0.0134322      0.0414861              0              0              0              0
          298           -150           -100      0.0132549      0.0413995              0              0              0              0
          300           -150           -100      0.0130747      0.0413159              0              0              0              0
          302           -150           -100      0.0128946      0.0412323              0              0              0              0
          304           -150           -100      0.0127144      0.0411487              0              0              0              0
          306           -150           -100      0.0125342      0.0410651              0              0              0              0
          308           -150           -100       0.012354      0.0409815              0              0              0              0
          310           -150           -100      0.0121738       0.040898              0              0              0              0
          312           -150           -100      0.0119936      0.0408144              0              0              0              0
          314           -150           -100      0.0118134      0.0407308              0              0              0              0
          316           -150           -100      0.0116332      0.0406472              0              0              0              0
          318           -150           -100      0.0114494        0.04057              0              0              0              0
          320           -150           -100      0.0112635      0.0404964              0              0              0              0
          322           -150           -100      0.0110776      0.0404229              0              0              0              0
          324           -150           -100      0.0108918      0.0403493              0              0              0              0
          326           -150           -100      0.0107059      0.0402758              0              0              0              0
          328           -150           -100        0.01052      0.0402022              0              0              0              0
          330           -150           -100      0.0103342      0.0401287              0              0              0              0
          332           -150           -100      0.0101483      0.0400551              0              0              0              0
          334           -150           -100     0.00996242      0.0399816              0              0              0              0
          336           -150           -100     0.00977654       0.039908              0              0              0              0
          338           -150           -100     0.00958795      0.0398419              0              0              0              0
          340           -150           -100      0.0093978      0.0397801              0              0              0              0
          342           -150           -100     0.00920765      0.0397183              0              0              0              0
          344           -150           -100      0.0090175      0.0396565              0              0              0              0
          346           -150           -100     0.00882735      0.0395946              0              0              0              0
          348           -150           -100      0.0086372      0.0395328              0              0              0              0
          350           -150           -100     0.00844705       0.039471              0              0              0              0
          -50           -148           -100    -0.00483671       0.057307              0              0              0              0
          -48           -148           -100    -0.00481554      0.0572917              0              0              0              0
          -46           -148           -100    -0.00479438      0.0572764              0              0              0              0
          -44           -148           -100    -0.00477321      0.0572611              0              0              0              0
          -42           -148           -100    -0.00475204      0.0572458              0              0              0              0
          -40           -148           -100    -0.00462163       0.057222              0              0              0              0
          -38           -148           -100     -0.0044599      0.0571958              0              0              0              0
          -36           -148           -100    -0.00429817      0.0571696              0              0              0              0
          -34           -148           -100    -0.00413644      0.0571434              0              0              0              0
          -32           -148           -100    -0.00397471      0.0571172              0              0              0              0
          -30           -148           -100    -0.00381298       0.057091              0              0              0              0

#
# FILE TRUNCATED
#
# Included in repository to show CST's ASCII output format.
# Original file size = 786 MB
#
