       x [mm]         y [mm]         z [mm]  BxRe [Vs/m^2]  ByRe [Vs/m^2]  BzRe [Vs/m^2]  BxIm [Vs/m^2]  ByIm [Vs/m^2]  BzIm [Vs/m^2]
------------------------------------------------------------------------------------------------------------------------------------------
         -200           -150           -100    -0.00314607     0.00401211    -0.00317228              0              0              0
         -196           -150           -100    -0.00322511     0.00403482    -0.00319774              0              0              0
         -192           -150           -100    -0.00330414     0.00405753     -0.0032232              0              0              0
         -188           -150           -100    -0.00338317     0.00408024    -0.00324866              0              0              0
         -184           -150           -100    -0.00346221     0.00410295    -0.00327411              0              0              0
         -180           -150           -100    -0.00354124     0.00412565    -0.00329957              0              0              0
         -176           -150           -100    -0.00361802      0.0041617    -0.00334307              0              0              0
         -172           -150           -100    -0.00369314     0.00420749    -0.00339976              0              0              0
         -168           -150           -100    -0.00376826     0.00425327    -0.00345645              0              0              0
         -164           -150           -100    -0.00384338     0.00429906    -0.00351313              0              0              0
         -160           -150           -100    -0.00391851     0.00434485    -0.00356982              0              0              0
         -156           -150           -100      -0.003992     0.00439069    -0.00362827              0              0              0
         -152           -150           -100    -0.00405663     0.00443681    -0.00369632              0              0              0
         -148           -150           -100    -0.00412127     0.00448293    -0.00376437              0              0              0
         -144           -150           -100     -0.0041859     0.00452904    -0.00383241              0              0              0
         -140           -150           -100    -0.00425053     0.00457516    -0.00390046              0              0              0
         -136           -150           -100    -0.00431517     0.00462128    -0.00396851              0              0              0
         -132           -150           -100    -0.00436684     0.00466695    -0.00404432              0              0              0
         -128           -150           -100    -0.00441379     0.00471245    -0.00412295              0              0              0
         -124           -150           -100    -0.00446075     0.00475795    -0.00420158              0              0              0
         -120           -150           -100    -0.00450771     0.00480345    -0.00428021              0              0              0
         -116           -150           -100    -0.00455466     0.00484896    -0.00435885              0              0              0
         -112           -150           -100    -0.00459377     0.00489392    -0.00444023              0              0              0
         -108           -150           -100    -0.00461549     0.00493768     -0.0045277              0              0              0
         -104           -150           -100    -0.00463722     0.00498145    -0.00461516              0              0              0
         -100           -150           -100    -0.00465895     0.00502521    -0.00470263              0              0              0
          -96           -150           -100    -0.00468067     0.00506897     -0.0047901              0              0              0
          -92           -150           -100     -0.0047024     0.00511274    -0.00487757              0              0              0
          -88           -150           -100    -0.00469525     0.00515392     -0.0049702              0              0              0
          -84           -150           -100    -0.00468448     0.00519479    -0.00506348              0              0              0
          -80           -150           -100    -0.00467371     0.00523566    -0.00515676              0              0              0
          -76           -150           -100    -0.00466295     0.00527652    -0.00525004              0              0              0
          -72           -150           -100    -0.00465218     0.00531739    -0.00534332              0              0              0
          -68           -150           -100     -0.0046235     0.00535641    -0.00543723              0              0              0
          -64           -150           -100    -0.00457433     0.00539333    -0.00553185              0              0              0
          -60           -150           -100    -0.00452516     0.00543024    -0.00562647              0              0              0
          -56           -150           -100    -0.00447599     0.00546716     -0.0057211              0              0              0
          -52           -150           -100    -0.00442682     0.00550407    -0.00581572              0              0              0
          -48           -150           -100    -0.00437588     0.00554078    -0.00591016              0              0              0
          -44           -150           -100     -0.0042869     0.00557314    -0.00600081              0              0              0
          -40           -150           -100    -0.00419791      0.0056055    -0.00609145              0              0              0
          -36           -150           -100    -0.00410893     0.00563786    -0.00618209              0              0              0
          -32           -150           -100    -0.00401994     0.00567021    -0.00627273              0              0              0
          -28           -150           -100    -0.00392834     0.00570224    -0.00636279              0              0              0
          -24           -150           -100    -0.00381008     0.00573084    -0.00644697              0              0              0
          -20           -150           -100    -0.00369182     0.00575945    -0.00653115              0              0              0
          -16           -150           -100    -0.00356736     0.00578717    -0.00661314              0              0              0
          -12           -150           -100    -0.00342908      0.0058129    -0.00669024              0              0              0
           -8           -150           -100     -0.0032908     0.00583863    -0.00676734              0              0              0
           -4           -150           -100    -0.00314279     0.00586279    -0.00683982              0              0              0
            0           -150           -100    -0.00298614     0.00588554    -0.00690819              0              0              0
            4           -150           -100    -0.00282949     0.00590829    -0.00697656              0              0              0
            8           -150           -100     -0.0026651     0.00592957    -0.00704026              0              0              0
           12           -150           -100    -0.00249316     0.00594937    -0.00709896              0              0              0
           16           -150           -100    -0.00231637     0.00596811    -0.00715395              0              0              0
           20           -150           -100    -0.00213447     0.00598565    -0.00720457              0              0              0
           24           -150           -100    -0.00194835     0.00600209    -0.00725115              0              0              0
           28           -150           -100    -0.00175799     0.00601732    -0.00729311              0              0              0
           32           -150           -100    -0.00156413      0.0060314     -0.0073307              0              0              0
           36           -150           -100    -0.00136707      0.0060443    -0.00736367              0              0              0
           40           -150           -100    -0.00116731     0.00605602    -0.00739205              0              0              0
           44           -150           -100   -0.000965078     0.00606643    -0.00741527              0              0              0
           48           -150           -100   -0.000761164     0.00607571    -0.00743405              0              0              0
           52           -150           -100   -0.000555861     0.00608374    -0.00744794              0              0              0
           56           -150           -100   -0.000349609     0.00609044    -0.00745663              0              0              0
           60           -150           -100   -0.000142957     0.00609596    -0.00746079              0              0              0
           64           -150           -100    6.36537e-05     0.00610014    -0.00745981              0              0              0
           68           -150           -100    0.000269813     0.00610311     -0.0074543              0              0              0
           72           -150           -100    0.000474941     0.00610466    -0.00744358              0              0              0
           76           -150           -100    0.000678797     0.00610502    -0.00742853              0              0              0
           80           -150           -100    0.000880641     0.00610392    -0.00740832              0              0              0
           84           -150           -100     0.00108044      0.0061016    -0.00738396              0              0              0
           88           -150           -100     0.00127735     0.00609781    -0.00735472              0              0              0
           92           -150           -100     0.00147137     0.00609275    -0.00732135              0              0              0
           96           -150           -100     0.00166183     0.00608626    -0.00728356              0              0              0
          100           -150           -100     0.00184854     0.00607841    -0.00724168              0              0              0
          104           -150           -100     0.00203114     0.00606918    -0.00719585              0              0              0
          108           -150           -100     0.00220914     0.00605851    -0.00714604              0              0              0
          112           -150           -100     0.00238268     0.00604652    -0.00709277              0              0              0
          116           -150           -100     0.00255071     0.00603299    -0.00703565              0              0              0
          120           -150           -100     0.00271393     0.00601818    -0.00697549              0              0              0
          124           -150           -100     0.00287115     0.00600183    -0.00691188              0              0              0
          128           -150           -100     0.00302306     0.00598417     -0.0068455              0              0              0
          132           -150           -100     0.00316872     0.00596502    -0.00677616              0              0              0
          136           -150           -100     0.00330857     0.00594452    -0.00670431              0              0              0
          140           -150           -100     0.00344207     0.00592258    -0.00662997              0              0              0
          144           -150           -100     0.00356951      0.0058993    -0.00655348              0              0              0
          148           -150           -100     0.00369024     0.00587457    -0.00647484              0              0              0
          152           -150           -100     0.00380473     0.00584851    -0.00639441              0              0              0
          156           -150           -100     0.00391251     0.00582106    -0.00631225              0              0              0
          160           -150           -100     0.00401417     0.00579234    -0.00622868              0              0              0
          164           -150           -100     0.00410877      0.0057622     -0.0061437              0              0              0
          168           -150           -100      0.0041973     0.00573084    -0.00605766              0              0              0
          172           -150           -100     0.00427922     0.00569817    -0.00597063              0              0              0
          176           -150           -100     0.00435479     0.00566427    -0.00588281              0              0              0
          180           -150           -100     0.00442414     0.00562917    -0.00579435              0              0              0
          184           -150           -100     0.00448718     0.00559287     -0.0057054              0              0              0
          188           -150           -100     0.00454393     0.00555538    -0.00561611              0              0              0
          192           -150           -100     0.00459505     0.00551685    -0.00552662              0              0              0
          196           -150           -100     0.00463989     0.00547716    -0.00543706              0              0              0
          200           -150           -100     0.00467919     0.00543647    -0.00534756              0              0              0
          204           -150           -100     0.00471303      0.0053948    -0.00525823              0              0              0
          208           -150           -100     0.00474096     0.00535209    -0.00516921              0              0              0
          212           -150           -100     0.00476408     0.00530855    -0.00508055              0              0              0
          216           -150           -100     0.00478171     0.00526407    -0.00499242              0              0              0
          220           -150           -100      0.0047946      0.0052188    -0.00490484              0              0              0
          224           -150           -100     0.00480265     0.00517274    -0.00481793              0              0              0
          228           -150           -100       0.004806     0.00512594    -0.00473179              0              0              0
          232           -150           -100     0.00480516     0.00507848    -0.00464641              0              0              0
          236           -150           -100     0.00479969     0.00503034    -0.00456198              0              0              0
          240           -150           -100     0.00479052     0.00498165    -0.00447841              0              0              0
          244           -150           -100     0.00477707     0.00493238    -0.00439593              0              0              0
          248           -150           -100     0.00476014     0.00488265    -0.00431442              0              0              0
          252           -150           -100     0.00473954     0.00483246    -0.00423404              0              0              0
          256           -150           -100     0.00471556     0.00478188    -0.00415477              0              0              0
          260           -150           -100     0.00468843     0.00473095    -0.00407665              0              0              0
          264           -150           -100     0.00465826     0.00467973    -0.00399971              0              0              0
          268           -150           -100     0.00462504     0.00462825    -0.00392405              0              0              0
          272           -150           -100     0.00458923     0.00457657    -0.00384957              0              0              0
          276           -150           -100     0.00455078     0.00452473    -0.00377639              0              0              0
          280           -150           -100     0.00450992     0.00447278    -0.00370447              0              0              0
          284           -150           -100     0.00446683     0.00442076    -0.00363381              0              0              0
          288           -150           -100     0.00442162     0.00436871    -0.00356445              0              0              0
          292           -150           -100     0.00437315     0.00431674    -0.00349723              0              0              0
          296           -150           -100     0.00432381     0.00426481    -0.00343061              0              0              0
          300           -150           -100     0.00427372     0.00421293    -0.00336459              0              0              0
          304           -150           -100     0.00422031     0.00416132    -0.00330125              0              0              0
          308           -150           -100     0.00416689     0.00410971    -0.00323792              0              0              0
          312           -150           -100      0.0041112     0.00405849    -0.00317682              0              0              0
          316           -150           -100     0.00405444     0.00400744    -0.00311677              0              0              0
          320           -150           -100     0.00399721     0.00395653     -0.0030573              0              0              0
          324           -150           -100     0.00393778     0.00390625     -0.0030005              0              0              0
          328           -150           -100     0.00387835     0.00385598     -0.0029437              0              0              0
          332           -150           -100     0.00381752     0.00380635    -0.00288906              0              0              0
          336           -150           -100     0.00375603     0.00375704    -0.00283546              0              0              0
          340           -150           -100     0.00369426     0.00370792     -0.0027824              0              0              0
          344           -150           -100     0.00363123     0.00365974    -0.00273192              0              0              0
          348           -150           -100      0.0035682     0.00361156    -0.00268145              0              0              0
          352           -150           -100     0.00350439     0.00356432     -0.0026332              0              0              0
          356           -150           -100     0.00344023     0.00351751    -0.00258597              0              0              0
          360           -150           -100     0.00337607     0.00347069    -0.00253874              0              0              0
          364           -150           -100     0.00331133     0.00342527     -0.0024944              0              0              0
          368           -150           -100      0.0032465     0.00338006    -0.00245054              0              0              0
          372           -150           -100     0.00318167     0.00333492    -0.00240677              0              0              0
          376           -150           -100     0.00311663     0.00329146    -0.00236616              0              0              0
          380           -150           -100      0.0030516       0.003248    -0.00232555              0              0              0
          384           -150           -100     0.00298662     0.00320508    -0.00228583              0              0              0
          388           -150           -100     0.00292187     0.00316433    -0.00224967              0              0              0
          392           -150           -100     0.00285712     0.00312357     -0.0022135              0              0              0
          396           -150           -100     0.00279237     0.00308281    -0.00217733              0              0              0
          400           -150           -100     0.00272761     0.00304206    -0.00214117              0              0              0
         -200           -146           -100    -0.00310053     0.00422954    -0.00312906              0              0              0
         -196           -146           -100    -0.00317929     0.00425381    -0.00315429              0              0              0
         -192           -146           -100    -0.00325805     0.00427807    -0.00317951              0              0              0
         -188           -146           -100    -0.00333681     0.00430234    -0.00320473              0              0              0
         -184           -146           -100    -0.00341557     0.00432661    -0.00322995              0              0              0
         -180           -146           -100    -0.00349432     0.00435087    -0.00325517              0              0              0
         -176           -146           -100    -0.00357087     0.00438952     -0.0032983              0              0              0
         -172           -146           -100    -0.00364581     0.00443868    -0.00335453              0              0              0
         -168           -146           -100    -0.00372075     0.00448783    -0.00341075              0              0              0
         -164           -146           -100    -0.00379569     0.00453699    -0.00346697              0              0              0
         -160           -146           -100    -0.00387062     0.00458615    -0.00352319              0              0              0

#
# FILE TRUNCATED
#
# Included in repository to show CST's ASCII output format.
# Original file size = 222 MB
#
